100
9438032 471901600
2552992 229769280
4561235 456123500
469690 18787600
229205 10314225
2392102 198544466
6966035 390097960
6624797 119246346
1085694 75998580
4366989 227083428
6980903 411873277
4041087 165684567
5804420 104479560
6876679 632654468
3715253 222915180
9239641 582097383
3964278 281463738
2958406 65084932
1680781 50423430
6981943 174548575
2861754 168843486
4465850 392994800
470484 26817588
9492371 901775245
4257891 12773673
1979450 104910850
8789653 474641262
7134494 706314906
5908016 11816032
796370 61320490
9634967 472113383
2392856 136392792
7135642 442409804
1169465 53795390
2733075 262375200
190360 17893840
2404180 103379740
8404147 420207350
9423648 245014848
6394971 639497100
474099 21334455
5485416 389464536
9016780 171318820
4685598 323306262
7337723 220131690
174543 174543
5130136 477102648
3812322 373607556
1767036 75982548
6692827 501962025
68106 99951160
30030 82883890
29176 88983072
74025 17662159
15484 25204873
73366 57814362
11977 5331995
70374 10604471
91117 63901289
30585 39925052
65731 599918
94909 23035937
87732 46382917
41918 69049485
62251 32066424
73940 60308090
89423 42126228
38977 46566907
36391 79826588
88774 79329461
11703 57601985
99506 50300259
94818 58133882
14998 44625597
7440 35632091
7753026 29673479
2878672 48230694
5472401 39822822
6303316 62268200
9007256 77098659
8711298 36506241
3729354 48333721
2498383 92537921
4255511 70967476
3139870 26025520
1087990 45628057
5248191 87643845
6249947 13602111
2533498 97807848
3858604 40898511
1437935 30128797
2196567 88172235
9626449 75066266
1496329 30995318
1156538 55518409
2542730 51702482
2797805 39249256
2625428 81349783
8332242 74685844
5550967 97268734
