100
5054260 414449320
3023690 99781770
8575979 42879895
5217455 406961490
417982 14211388
1941113 31057808
1370177 54807080
2819354 118412868
1915309 65120506
5795913 98530521
6584539 625531205
8968644 825115248
1421016 92366040
4551719 427861586
1206606 106181328
9655382 782085942
3401248 129247424
1503961 100765387
4493828 220197572
6205769 266848067
880931 19380482
7901029 782201871
2418100 132995500
4567962 411116580
3435354 326358630
5607862 555178338
2709986 186989034
4287078 227215134
7927628 245756468
9972216 648194040
786484 77861916
9290302 241547852
3986641 398664100
3738696 325266552
6621666 205271646
7751222 449570876
6731686 376974416
2258996 223640604
8353664 710061440
8475614 245792806
6257822 594493090
9325283 811299621
7475418 201836286
1765287 141222960
7873901 716524991
7680297 606743463
9746289 175433202
5208699 463574211
9397037 498042961
3092975 253623950
97293 26640979
41504 58780903
83261 95590352
25992 87637868
33367 60038659
45216 1338382
67734 25607238
56790 26527062
85412 80134940
59184 21192877
68697 93937283
23151 65153715
14728 3976088
47183 70070603
33958 56402980
3832 98568924
13068 69444928
82209 99127123
64447 56569538
76522 60022608
98821 16488063
21841 55971368
66382 90937154
12789 81499015
79774 78142715
4930047 10458948
5984557 87873585
5902964 41687715
3227835 96443292
6855475 67710460
3248592 81689887
278406 21817613
7376817 25364418
5837404 97347374
7584654 73107155
5235172 14004046
2791297 70432560
3239393 36235212
8173264 11804884
369150 81842132
7641050 43028679
6020741 60303689
4498937 84231259
9597993 57107054
2544810 46812492
909466 47155096
5170198 86121819
7272323 29636518
7534912 66623022
6866064 81762179
