100
7949776 246443056
1711907 87307257
7610561 83716171
3609689 346530144
264277 9249695
5806739 406471730
1093770 61251120
6469379 116448822
3195407 63908140
3601896 21611376
1014056 70983920
1324278 75483846
2842984 173422024
6439540 341295620
9024010 144384160
1599811 11198677
7778962 85568582
3788396 11365188
9324611 400958273
5972709 95563344
8187055 753209060
4153194 49838328
6624732 510104364
5629559 253330155
5659494 305612676
5656223 62218453
8572164 94293804
5002212 95042028
2289471 89289369
7746334 387316700
6860269 500799637
1204432 114421040
5841238 478981516
4189060 402149760
5124113 292074441
915897 48542541
307547 19375461
6189166 210431644
4472735 53672820
7515410 52607870
2584409 20675272
8404742 243737518
7244085 260787060
3769102 18845510
5648628 129918444
8393228 537166592
1310579 24901001
1970990 189215040
8876700 133150500
330216 22454688
65604 28343324
75842 59723613
66466 75725015
38903 66803980
26744 21807940
22000 84663754
27205 26796149
1618 85302281
2103 19258796
35774 16648012
94872 40963814
4211 99976151
78359 54524153
26749 34249566
98818 61797495
64786 68571594
15543 95613930
47821 10249414
54873 71205952
5201 59596685
2814 49065884
71179 64543196
83097 39319720
99125 90579784
39183 73876387
1765599 78586099
3918571 45198848
7834025 18635262
4623289 29842647
7189641 88976443
3562739 77261737
5592394 55954841
5520326 87075818
6592928 23794161
5518189 20170787
3622354 55678588
6702769 43521870
4495043 76494226
3228835 10507175
7292239 76777151
2114429 70961438
3418282 35557751
5195465 44906176
9468646 38588715
2488462 88619405
2902199 80411039
1776950 42656079
3099495 69798766
7595943 34957930
2216317 74250924
