100
9476428 312722124
4461102 236438406
8853686 159366348
5267844 389820456
7698670 107781380
5021819 55240009
9005830 684443080
1682573 119462683
3899704 323675432
2054329 191052597
9089569 681717675
4944713 271959215
5100210 255010500
5626036 433204772
3821852 267529640
4687228 243735856
9301935 762758670
6960819 69608190
5295938 195949706
4970645 283326765
6172037 253053517
1650331 41258275
1132977 80441367
6387388 70261268
3462487 294311395
9823506 933233070
5841379 169399991
3547754 262533796
9456631 718703956
5554972 16664916
6391058 274815494
7869104 716088464
7613906 76139060
5205894 156176820
6052449 145258776
4525065 248878575
7386662 398879748
8843134 442156700
951535 65655915
270263 16486043
8633156 207195744
1843381 36867620
1078323 59307765
5540454 166213620
7422635 118762160
7142680 449988840
3890802 295700952
9396756 620185896
8027723 184637629
7193902 697808494
30173 89873592
36283 67531657
29187 25091516
97796 40142407
40250 55034455
20009 18466942
94882 59669253
16376 17871454
63973 74217737
79031 11441871
24581 5610988
71540 90713004
86538 51833984
59570 27702105
65160 80803012
96792 6470616
58943 69106186
48491 42568540
19927 11649651
37364 99716510
59004 1151264
10107 36081267
26013 71799616
17451 84389982
74108 24561772
3644348 47070463
4778554 51683855
2159106 48940104
9402949 66836736
5351071 28399614
9246404 36025830
480357 84684229
1193970 37828414
6061180 44298062
2545560 91158939
6791330 52136966
5176607 59081683
8458929 65022788
1907894 46987194
4253598 97203436
2659718 52764221
3034625 51362071
299058 40580718
6594137 97970524
2829750 54897015
9724053 35168640
6211373 59172601
9469518 83218849
353479 29668540
558944 24033626
