100
864039 11232507
4091872 253696064
1141678 62792290
3435095 106487945
2154275 170187725
9337226 214756198
781003 20306078
9703108 756842424
3819955 309416355
5432063 521478048
1689166 148646608
9146729 713444862
4488950 269337000
9556017 9556017
94780 7013720
356280 13538640
6866359 535576002
5932291 142374984
2250094 177757426
637513 56738657
5151052 221495236
7546093 369758557
7819013 766263274
9779610 831266850
8764096 815060928
7960110 310444290
968969 31007008
4955139 193250421
5126764 425521412
3137538 222765198
66862 6418752
9324626 699346950
240706 11553888
2525589 247507722
9831735 462091545
5917070 591707000
4892687 288668533
7641357 206316639
6434863 218785342
7421786 564055736
8822763 749934855
8302059 747185310
4782367 253465451
9987946 948854870
8468197 203236728
2789444 75314988
4032238 318546802
4731546 411644502
5381770 48435930
8714549 209149176
50053 72790601
69783 26156921
69028 51976812
30183 71171697
44482 59590094
42851 12787945
39096 25546203
52324 50641297
77014 33374793
89550 6651775
11645 27228071
77102 84889250
12143 9476949
9321 24550672
27508 72649993
28234 76374657
37361 64365370
27953 40243576
11557 12238212
6996 49345836
39010 15872882
10402 62498577
79371 96693275
81344 81129343
44736 33527319
4334682 52110391
9160979 65963594
5702169 49354806
5985012 79276768
6411944 75320629
6197618 73929664
1434090 38025343
613155 71285864
5022606 49505448
669757 28227991
3633981 12821236
8406518 16382898
1535921 37596191
379521 18326345
1159574 49903836
1612672 69411501
5443322 63151551
9144394 42171367
4613119 14100400
795992 51933373
3366053 18518641
3846637 48657979
6167909 46858737
5840006 39522638
6552577 92934008
