100
6069603 109252854
882009 82908846
2748272 269330656
5653208 62185288
3418259 78619957
2966541 139427427
4714461 278153199
1198108 28754592
7675393 629382226
6347334 596649396
7977186 103703418
8650617 8650617
9057971 670289854
2682264 37551696
3972930 270159240
980869 62775616
536208 45041472
2722861 19060027
5192698 311561880
7644021 359268987
2218981 181956442
8313434 548686644
4384833 210471984
2807408 81414832
4342712 112910512
9754262 575501458
8644993 8644993
8079788 686781980
2226553 129140074
863235 82007325
6459028 38754168
7812458 23437374
5079786 462260526
9290929 929092900
555616 22224640
3829095 57436425
587103 1761309
1797477 61114218
9929913 407126433
6025585 451918875
9028894 135433410
8265075 173566575
2013739 147002947
7061952 670885440
8037367 586727791
2760188 118688084
2447572 80769876
5475412 246393540
1447902 114384258
5039882 70558348
3356 58594720
48369 88858277
18798 7820398
45375 37418261
93558 71358712
34124 31316239
51489 42110524
93148 68288205
39018 21765833
69033 26802343
32024 98831577
33318 50138796
89992 72622446
27342 94320274
10143 38865482
53867 46704642
57561 1358343
14450 42813163
49180 15120884
73071 20124147
93102 29141802
60517 16253618
54471 95357447
26291 66152891
62739 55826215
8448538 76612315
9072833 36131774
3579887 15712618
539781 97682387
6905460 39078257
134056 49846746
2406250 19369585
9925185 14704394
6984355 87857856
920349 82264364
9922300 96833735
1831114 16899485
7337501 74225492
728504 95502700
5219977 89972253
9826897 92286850
369760 62811730
4042904 96975454
6582893 34597110
9168209 79447206
2443093 33702048
3717740 79514051
1152716 27946233
7830016 27040857
7756505 77338108
