100
5199791 415983280
2101031 201698976
1548453 65035026
4388189 337890553
6029395 204999430
9595444 614108416
6162999 73955988
9267399 537509142
9251694 305305902
7456951 514529619
4059146 304435950
3019826 196288690
204702 13919736
8288223 174052683
4107061 8214122
6343408 31717040
1975182 138262740
3141800 172799000
8662956 848969688
2908803 69811272
3011562 48184992
4048589 170040738
3826353 233407533
762812 34326540
248473 21368678
8298810 290458350
5948105 23792420
5014573 285830661
9285759 724289202
4109638 8219276
9216858 451626042
1016227 23373221
8814698 467178994
7781525 108941350
6549417 104790672
3428721 281155122
951663 68519736
4069209 32553672
5170396 227497424
4180929 246674811
6251549 212552666
4796862 19187448
5178495 56963445
8630067 793966164
3642391 193046723
322259 32225900
7367556 331540020
8146047 187359081
6993675 489557250
2012122 14084854
91355 36545884
14438 93243779
62459 90795887
69095 21761886
55413 31413945
35354 73058377
75521 89428733
3876 54825552
74390 66240000
46257 77292304
23600 20908746
75704 3716425
63128 8402296
25325 89748301
81084 79817217
56476 56475137
9866 30087213
69026 16054913
22419 25935166
66157 91528061
56965 33538722
25645 45309370
34003 76330582
64401 9734141
8319 42349993
2029795 77983804
2331843 34797397
8412098 59090533
7962956 63385844
8188221 13647230
8400535 82108040
6435945 12838396
8261260 91618171
2147244 91327840
4738086 31666993
7618562 70187742
5022709 96925004
4174105 69282913
6492670 94691056
7528445 52310081
8412886 30719099
248369 51926099
172693 30187854
8702534 71079382
4767171 26723743
3924974 68206772
3610688 25992009
6454912 12796230
6038426 82175685
6875890 84776068
