100
4518266 103920118
4796347 340540637
7030017 646761564
7983656 183624088
3833619 360360186
3160766 199128258
8850561 539884221
111978 9182196
9916661 813166202
7428366 29713464
465731 14903392
1278802 65218902
2371408 2371408
6338673 278901612
304891 8841839
3203325 12813300
6711280 46978960
5704642 484894570
1565454 1565454
2809256 19664792
1154419 91199101
3251173 146302785
9919978 535678812
2394357 215492130
4702779 418547331
1358070 96422970
8778431 675939187
7848816 204069216
9981593 509061243
2936877 123348834
2533207 222922216
3582519 214951140
9788441 969055659
7741154 557363088
8709813 461620089
7815868 234476040
2300157 156410676
3200958 176052690
6235749 261901458
1050426 85084506
1773575 35471500
4712134 28272804
8028969 682462365
9498231 208961082
5697296 489967456
9802627 941052192
205096 8408936
5754479 224424681
8772791 543913042
3038520 185349720
51553 53335946
81077 20427885
47235 47425876
6395 99845990
37108 37031683
99640 37879182
15857 68788812
29451 55662847
29927 16353955
58348 84629259
52953 11371399
12935 91547563
67740 24202142
62932 23618554
58944 96836883
80288 34893169
31519 49850405
19917 39797631
4519 64605392
15549 67032263
77204 39832855
70017 19492973
54874 47122379
18000 2951614
5777 48045407
8400028 76156901
266766 20076736
3360365 49288873
3777118 24507005
6358084 40492295
4148408 17308811
1204309 51580728
1435900 78337094
7737475 84812352
6694856 33863751
1182060 56572852
8292568 86951851
7917863 53446722
6425586 40757067
6536677 44968928
895242 10629166
6999131 45645306
1926271 74169261
2805054 32180967
5744620 12728908
3916695 99744152
9271142 63593419
2815193 58309059
5267584 64063708
770550 98855088
