100
9846645 393865800
958275 47913750
5220972 52209720
6706896 415827552
6354819 171580113
3199306 201556278
4966799 451978709
7554870 672383430
5826747 29133735
9193890 652766190
4686192 65606688
3190151 114845436
4651456 269784448
8972099 798516811
4317990 159765630
6967642 494702582
6214824 167800248
2829954 76408758
3514025 330318350
6071015 248911615
3881202 209584908
8462757 135404112
2032564 144312044
5903774 425071728
5768183 421077359
7276364 58210912
2145608 135173304
6277719 414329454
9357315 37429260
6331842 379910520
7601728 760172800
1666775 45002925
9784158 831653430
5218944 208757760
7618694 335222536
7621323 320095566
8993189 242816103
1795014 159756246
1856400 83538000
5210294 422033814
4390247 48292717
3980421 298531575
5636052 479064420
7163651 408328107
4876299 68268186
8838357 371210994
7393270 436202930
5332187 346592155
758007 13644126
5194957 420791517
92356 98171014
49654 88450423
59393 6714932
79532 82933431
61294 58870197
2398 42572057
17414 49195408
46006 35733922
22114 56918608
88234 92044052
40504 43274622
31290 48464983
85126 10133156
19134 40801742
10952 59838754
34740 95610638
63499 52801887
26995 21742475
5343 11014681
48152 89963553
82244 15782279
42166 69417137
12547 46418066
66843 40519660
10612 92339287
4140296 45093668
1633093 92079227
608581 28850089
6118290 17333424
2420005 14022257
5242664 82214215
4583705 26552804
4862337 38392778
3185636 84524361
7425540 16701694
6878058 42643831
6964358 97423108
7419854 49121793
4331294 51297824
8168792 93097422
4133230 86122954
9601773 80650000
2871005 10031352
3063737 67672724
3369167 39922877
1906045 68166502
9824736 43430696
3846653 50836411
7190263 56903711
262491 36062363
