100
3075359 49205744
1431120 31484640
7763544 333832392
6198880 241756320
1479235 22188525
7440050 729124900
6061657 545549130
625248 10003968
5410674 194784264
7324786 542034164
9194840 468936840
7006814 602586004
2512596 241209216
9916210 902375110
5031731 372348094
7721761 625462641
2680366 91132444
851828 19592044
4372884 161796708
4386721 407965053
5100336 107107056
4274384 252188656
8749399 122491586
115357 6344635
5907803 496255452
1501605 138147660
4753622 47536220
4701937 112846488
4240917 144191178
7826507 579161518
3664823 318839601
1340394 83104428
1177735 24732435
9519556 361743128
1125645 96805470
7955056 397752800
1601205 52839765
4187608 159129104
2239060 219427880
8418337 606120264
5623633 433019741
8880219 648255987
411144 24668640
2397802 170243942
5358115 300054440
6065162 272932290
2630756 118384020
8089742 226512776
4613864 193782288
1193506 10741554
27925 7546482
65223 65892977
58839 42033310
15038 11330277
51611 29383265
48278 22283715
50904 20930779
2836 20778992
73829 75514590
2141 52238029
11937 41669409
67748 73942212
96803 19859083
32271 41200373
95906 10276724
95847 89441510
21560 65537789
43418 99334950
23698 1634711
3085 1648589
1702 57698275
92308 98331104
16186 98082944
45226 81693037
76478 95503167
3245964 68955776
1445601 15653469
8114653 37149121
8247322 66598320
5454954 23865639
8669386 71843897
1448095 96476693
112974 14198150
8652385 32576218
3413522 55764895
3406680 99532828
9451248 82741018
26030 48774489
6997637 52632429
1595924 34557772
1853865 14941595
8036086 83848570
3715318 15893134
8245735 63750007
1873641 53006687
7458875 13302905
1159622 30584196
2074504 56491591
9404474 46021699
4494648 85785711
