100
1030629 8245032
9199514 91995140
8864497 132967455
430734 17660094
943147 89598965
4788506 167597710
7437167 505727356
6706010 67060100
55664 1948240
8243517 667724877
3582080 111044480
3958153 170200579
582515 37863475
198462 5160012
650650 31881850
7821483 398895633
2949882 153393864
8760454 657034050
5673611 170208330
7528193 602255440
5057928 70810992
9649051 38596204
7154256 472180896
8523003 349443123
3217510 173745540
7627888 221208752
8944684 330953308
6888867 475331823
1246640 100977840
2713275 230628375
2153260 213172740
4196912 100725888
7095626 411546308
4809834 418455558
4303753 421767794
2016265 104845780
8936630 71493040
9372881 731084718
3869863 328938355
1517612 127479408
8016233 801623300
3189989 3189989
1637408 160465984
9479152 284374560
6973524 111576384
2316636 41699448
3257537 29317833
7464057 641908902
9184207 725552353
3187442 101998144
92509 51928721
44353 19830638
58092 67637868
49247 23588078
71459 52406412
97054 30828959
72679 84082114
57919 21178366
38289 43941686
93484 94927879
34608 32606916
45090 63573498
27625 3422539
3227 76441307
14899 98908811
26142 81956544
96892 65781659
42590 37950772
80962 28343000
12955 70474722
5539 60000950
90907 84074766
71381 3653972
21587 57596663
72388 42183873
7861896 86214223
8740935 44940019
9459209 95572423
8602585 52130786
4753700 59475624
5689542 23172696
660743 55159548
3743889 71003198
8803741 22519560
5456739 33876140
4563523 55032511
6766049 85984504
201293 94805702
5385002 80381858
3555319 13983351
2302947 85369764
8420204 27060576
9766477 91684555
6331398 63352082
31580 39400413
8522075 30992048
2160229 23457239
8300771 70995660
3075767 59577089
9267497 14654232
